1 -0.232694966908
2 -0.755928946018
3 0.107186615714
4 0.866025403784
5 -0.0756740173881
6 0.0401690658637
7 -0.00549141480778
8 -0.0344827586207
9 0.188982236505
10 0.00767687858931
11 -0.0572598334314
12 0
13 -0.0225552811937
14 0.103509833901
15 0.290129426593
16 -0.295178763006
17 -0.492365963917
18 -0.120240722408
19 0.188982236505
20 0.176776695297
21 -0.107242181294
22 -0.544331053952
23 -0.322954643876
24 -0.102868899975
25 0.316227766017
26 -0.224933852711
27 -0.612372435696
28 0.0650616441291
29 0.428746462856
30 0.324442842262
31 -0.927172649946
32 0.522232967867
33 0.612372435696
34 -0.408248290464
35 0.3
36 1.0
37 -0.303488489333
38 -0.144337567297
39 0
40 0
41 0
42 0.373466144911
43 -0.0264906471413
44 -0.0782269507497
45 -0.5
46 -0.0406557814091
47 0.217571317288
48 0.559016994375
49 -0.202532143435
50 0.592156525464
51 0
52 -0.707106781187
53 0.5
54 0.0
55 0.896421457001
56 -0.342066880613
57 0.0
58 -0.685188709828
59 0.0783165461757
60 -0.130410132739
61 -0.5
62 -0.427204600559
63 0.0762492851663
64 -0.181016898499
65 0.843695833875
66 -0.188982236505
67 -1.0
68 0.866025403784
69 -0.241943351564
70 0.258198889747
71 -0.174077655956
72 0.397495751445
73 -0.32025630761
74 -0.433012701892
75 0.518562978842
76 -0.0886779629554
77 0.475190963311
78 0
79 -0.633300496381
80 -0.866025403784
81 0.429197537639
82 -0.123603308118
83 0.597614304667
84 0.362738125055
85 0.021266970503
86 0.408248290464
87 0.368058894135
88 0
89 -1.0
90 0.034337891461
91 0.32349831961
92 -0.083083375919
93 0
94 -0.111890847773
95 -0.174378865819
96 -0.116952176338
97 0.533001790889
98 0
99 0.330772368204
100 0.113227703414
101 0.5
102 0.0362103412189
103 -1.0
104 -0.514521937751
105 0.875
106 0.408248290464
107 0.615384615385
108 0
109 0.141565884999
110 0.258774584753
111 1.0
112 -0.155902391116
113 0.132676879995
114 -0.448275862069
115 -0.436926725757
116 0.288390807632
117 -0.204124145232
118 0.0521387245907
119 -0.333333333333
120 0
121 0.265143906678
122 0
123 0.0
124 -0.5
125 0.300122523999
126 0.0753778361444
127 0
128 0.800640769025
129 0.522232967867
130 0.294395115767
131 0
132 -0.5
133 0
134 -0.866025403784
135 0.168465139256
136 0.0
137 0
138 -0.534522483825
139 -1.0
140 0.542326144547
141 -0.309783038187
142 0.140028008403
143 -0.134839972493
144 -0.117279399142
145 -0.000755156061725
146 -1.0
147 0
148 -0.807572853087
149 0.185434529989
150 0.566352113955
151 0.230689153939
152 0.73029674334
153 0.46625240412
154 0.415227399269
155 0.567774973958
156 -1.0
157 0
158 -0.608472431461
159 -0.271163072273
160 0.167248402001
161 -0.454545454545
162 0.866025403784
163 -0.25
164 0.270030862434
165 -0.645497224368
166 -0.866025403784
167 0
168 0.0
169 0
170 -0.315063018906
171 0.13130643286
172 0
173 0.624695047554
174 -0.405553552827
175 0.525884991156
176 -0.75974564974
177 0.175229168447
178 0.01327329683
179 0
180 0.606043215263
181 -0.119066733344
182 0
183 -0.158113883008
184 -0.220707397324
185 0
186 0.0830454798537
187 0
188 -0.0888757230903
189 0.333333333333
190 -0.0684385910829
191 0.866025403784
192 0
193 -0.283312510679
194 -0.262520510216
195 0.0912870929175
196 0
197 -0.0611132331352
198 0.219264504827
199 0.353553390593
200 0.0
201 0.0174349854209
202 0
203 0.584348709791
204 -0.123612846515
205 0.0731272424127
206 0.879882690128
207 0.190387328241
208 0
209 0
210 0.203897717935
211 0.755928946018
212 0
213 -0.0376889180722
214 0.0377964473009
215 -0.398980708883
216 0.159744612766
217 -0.394115900145
218 -0.088561488554
219 0
220 0.727606875109
221 -0.506881484128
222 -0.0850542393719
223 -0.566946709514
224 0.210090292576
225 0
226 -0.0383482494424
227 -0.664770029348
228 0.353553390593
229 1.0
230 0.0242179739848
231 0
232 -0.821583836258
233 0.234467505976
234 0.304342689788
235 -0.5
236 0.236870300905
237 0.0
238 0
239 -0.194183909345
240 0
241 0.870388279778
242 0
243 0.426401432711
244 -0.248376296097
245 0
246 -0.114303859196
247 0
248 0.169996378814
249 -0.396871061666
250 0.120976396904
251 0.319504825211
252 0.301511344578
253 0.135873244097
254 0.107486154585
255 0.421463615212
256 0.0224092859417
257 -0.454545454545
258 -0.655610068107
259 -0.366899692853
260 -0.426401432711
261 0.0
262 -0.0580381000088
263 -0.31870904608
264 -0.0987261494177
265 0.203005176698
266 -0.22360679775
267 -0.424464713825
268 -0.0170205501311
269 -0.0650634593778
270 0.141186241601
271 0.230701432511
272 0.490552455126
273 0
274 -0.36514837167
275 -0.327326835354
276 -0.0859729092931
277 0.762770071396
278 0
279 -0.544097798847
280 0.207880460155
281 -0.0458349248514
282 0.541736338886
283 -0.654653670708
284 0.327326835354
285 0.11396057646
286 -0.0496291666985
287 -0.481931597342
288 -0.328405740136
289 0
290 -0.477213572232
291 -0.0555697318694
292 0.147441956155
293 0.0541169797507
294 0.350449210444
295 -0.388075262853
296 -0.128036879933
297 -0.0776334736891
298 0
299 0.0880587442095
300 0.0788110406239
301 -0.282443229185
302 0.866025403784
303 0.00995166749137
304 -0.755928946018
305 0.0507673082567
306 0
307 -0.372104203768
308 -0.0938031457433
309 -0.866025403784
310 0
311 0.265697084725
312 0.564932682866
313 0.0266244391395
314 -0.0259390499932
315 -0.425103299486
316 -0.0993399267799
317 0.387298334621
318 -0.867227382717
319 0
320 -0.224625934903
321 0
322 0.57735026919
323 0.513552591013
324 0.337099931232
325 0.237413738582
326 0.30983129187
327 -0.185909149806
328 -0.0566476409384
329 0.117760300797
330 0.306697807541
331 0
332 0.446564365665
333 -0.5
334 -0.176652835719
335 0.174077655956
336 0.467707173347
337 0
338 0.0
339 -0.170130580491
340 0
341 0.0
342 0.121527777778
343 -0.452327850415
344 -0.0358780440179
345 -0.00781844074281
346 -0.0439374775164
347 0.424804338897
348 0.870388279778
349 -0.816496580928
350 0.2
351 -0.381000381001
352 -0.0423903903399
353 0.0601929265429
354 -0.65
355 1.0
356 0.292770021885
357 0.896421457001
358 0
359 -0.5
360 0.1
361 -0.228197947856
362 0.433860915637
363 -0.100828544064
364 0.68599434057
365 0.301511344578
366 0.0277885007188
367 -0.241573213003
368 -0.546535725
369 0
370 0.149240501449
371 0.454812428552
372 1.0
373 0.0
374 0.151423228346
375 0.3194382825
376 0.0
377 0.508747019069
378 -0.112842696239
379 -0.172935080467
380 0.0544619288578
381 -0.677907680683
382 0.0339226765776
383 1.0
384 0
385 -0.256969436816
386 0
387 -0.294980002717
388 0.710853536674
389 -0.452173982694
390 -1.0
391 0.197796943032
392 0.220370638677
393 0.0979802375167
394 -0.478130181207
395 -0.25
396 0.420084025208
397 0.0702728368926
398 0.09375
399 0.0485260012119
400 1.0
401 -0.185239643409
402 -0.0333890281647
403 -0.456435464588
404 -0.852802865422
405 0.231217711732
406 -0.289776915769
407 -0.177301590139
408 0
409 0.24479796486
410 0
411 0
412 -0.793884186037
413 -0.222948160685
414 0.0
415 0.0
416 0.131948781427
417 -0.0346766593189
418 0
419 -1.0
420 -0.816496580928
421 -0.050251890763
422 0.241110469788
423 -0.342211095283
424 -0.408248290464
425 0.0801911153232
426 -0.121566134771
427 -0.183339699406
428 -0.342997170285
429 -0.00377615788932
430 -0.046625240412
431 -0.301511344578
432 0.877514701462
433 0.311804782231
434 0.785714285714
435 0.00714870250278
436 -0.164454555665
437 0.0434575310223
438 -0.188982236505
439 -0.707106781187
440 0
441 -0.866025403784
442 -0.0628280862438
443 0.49009802941
444 -0.981980506062
445 0.273557494656
446 0.139121668728
447 -0.0410833246629
448 -0.559430927786
449 -0.801783725737
450 0.063227490786
451 0.101325912045
452 0.128884815557
453 -0.373978796003
454 0.0860662965824
455 -0.0801506284335
456 0.0276731726664
457 0.0846667513335
458 -0.255088430202
459 0.234635384034
460 -0.0778498944162
461 0
462 0.259437260831
463 -0.53033008589
464 0.221028142283
465 0.0
466 -0.331970001103
467 -0.371390676354
468 -0.148607523353
469 0
470 0.0778498944162
471 0
472 -0.161593450915
473 0.53931937163
474 -0.0219899748567
475 -0.755928946018
476 -0.132453235707
477 0
478 -0.0245440346837
479 0.0550481882563
480 -0.342381191631
481 -0.174077655956
482 0
483 1.0
484 -0.203298791513
485 0.5
486 -0.186205570862
487 -0.369074811138
488 0.0931533280133
489 0.110368452376
490 -0.205195670417
491 -0.0623831410632
492 -0.426401432711
493 0.0495918299067
494 0.37267799625
495 0.314125165407
496 -0.328633534503
497 -0.145298278833
498 0.361347878307
499 0.0
500 -0.44574249416
501 0.0
502 0.904534033733
503 0.128106323669
504 0.0950726075453
505 -0.068599434057
506 -0.267636733915
507 -0.5
508 -0.176470588235
509 0.755928946018
510 0.127000127
511 0.495073771488
512 0.533001790889
513 0
514 -0.498970132789
515 0.108465228909
516 1.0
517 0
518 0.0
519 0.171550078489
520 0.327326835354
521 -0.255321460594
522 -0.5625
523 0
524 0.0736067704518
525 0.332181919415
526 -0.3916747259
527 0.198531942109
528 0.612372435696
529 0.250217296868
530 0.0
531 -0.292770021885
532 -0.193065106274
533 -0.112272178285
534 0.0958706236059
535 -0.594088525786
536 0.414039335605
537 -0.0521311302226
538 -0.0853579199553
539 1.0
540 -0.353553390593
541 0.57735026919
542 -0.349215147885
543 -0.27577671581
544 0.32025630761
545 -0.147959088575
546 -0.0338341961163
547 1.0
548 -0.110366239917
549 0.0
550 0
551 0.0754765347852
552 -0.24152294577
553 0.1
554 0.554347826087
555 -0.845154254729
556 0.37267799625
557 -0.288675134595
558 -1.0
559 -1.0
560 0.449358517136
561 -0.111027222001
562 0.44189932024
563 0
564 0
565 0
566 -0.407340061774
567 0.151141730981
568 -0.462910049886
569 -0.232886668268
570 0.777777777778
571 0
572 1.0
573 0
574 -0.699913239273
575 0.707106781187
576 -0.904534033733
577 0.0
578 0.5
579 0.297133451985
580 0.872871560944
581 0.5
582 -0.904534033733
583 -0.559016994375
584 0
585 0
586 -0.0711182358345
587 0.185068836878
588 0.111863895281
589 0.366617787553
590 -0.5
591 0.228217732294
592 0.0630928220792
593 0.152329970424
594 -1.0
595 -0.0509647191438
596 1.0
597 0.333333333333
598 0
599 0.188982236505
600 -0.612372435696
601 -0.378532881277
602 0
603 -0.324759526419
604 -0.314687101782
605 0.226526787574
606 -0.0476430612603
607 1.0
608 0.095675208718
609 0
610 0.35218036253
611 0.541736338886
612 0
613 0
614 -0.57735026919
615 0.512347538298
616 0.114707866935
617 0.241848989878
618 0.168966495013
619 -0.207011475979
620 0.18448201388
621 0.127842972689
622 -0.497167116011
623 0
624 0.0414118222781
625 0.0468292905791
626 0.367058489524
627 -0.515338500882
628 0
629 0.139606276534
630 0.527046276695
631 0
632 0.14478512672
633 0.183995018048
634 0.0558629192043
635 0.645497224368
636 0
637 0.305233847834
638 0.632455532034
639 0.984731927835
640 0.37267799625
641 0
642 -0.0788110406239
643 -0.203839582537
644 -0.636363636364
645 0.361157559257
646 0
647 1.0
648 0.233416340569
649 0
650 -0.3050216149
651 0.200445931434
652 0
653 -0.171704837274
654 0.375
655 0.154687476397
656 0.327326835354
657 -0.153093108924
658 0.242535625036
659 0.259399262977
660 -0.450834817334
661 -0.12964074471
662 -1.0
663 0.0579576252836
664 -0.339405530415
665 -0.0183803655523
666 0.0592105263158
667 0
668 0
669 -0.130744090092
670 0
671 0.0630001925737
672 0
673 0.267261241912
674 0.5
675 0
676 -0.572077553547
677 -0.255739079494
678 -0.5
679 0.855716963311
680 -0.218217890236
681 0
682 -0.316658248859
683 0.242424242424
684 -0.5
685 -0.707106781187
686 0.449466574975
687 0.0
688 0
689 -1.0
690 -0.148039131366
691 0.158776837207
692 -1.0
693 0.178571428571
694 -0.0700712753801
695 0.210042012604
696 0
697 -0.523822721827
698 0.0
699 0.103602377356
700 0
701 -0.790569415042
702 0
703 0.375
704 0.7453559925
705 0
706 0.246182981959
707 -0.433554984762
708 0.2705008904
709 0.144820276673
710 0.143275466279
711 0.133630620956
712 0
713 0
714 0
715 0.0698771242969
716 0.367812758618
717 -0.602369352814
718 0
719 0.700649049745
720 0.707106781187
721 0.00523969709558
722 0.216506350946
723 0.5
724 0.44134618649
725 0.0211619477845
726 0
727 -0.234454448363
728 -0.852802865422
729 -0.5
730 -0.441004868587
731 -1.0
732 0.428571428571
733 -0.0141990458562
734 0.816496580928
735 0.614285714286
736 1.0
737 -1.0
738 0.0243180191543
739 0.0100727870503
740 0.801783725737
741 0.171796067734
742 0
743 -0.639877116686
744 1.0
745 -0.518687723093
746 -0.0909090909091
747 0.215758485668
748 -0.288082979849
749 0.163663417677
750 0.790569415042
751 0.5676134788
752 0.502570711032
753 0.0
754 1.0
755 0.111725838409
756 -0.496186061778
757 -0.0902944594893
758 -0.301098964911
759 0
760 0
761 0.441220949101
762 0.277350098113
763 -0.433860915637
764 0.0509647191438
765 0
766 0.402949619226
767 0.298807152334
768 -0.5
769 0
770 -0.181901718777
771 -0.57735026919
772 -0.547722557505
773 0.15492791735
774 -0.0310092012999
775 0.333333333333
776 0.143458894475
777 0.442268981336
778 0.0
779 1.0
780 -0.395284707521
781 -0.391555423749
782 -0.148522131447
783 -0.645497224368
784 -0.208514414057
785 -0.171498585143
786 0.136845137876
787 -0.612372435696
788 -0.179010359414
789 -0.785714285714
790 0.519379844961
791 -0.0674199862463
792 -0.5
793 0.134839972493
794 -0.866025403784
795 -0.529640897703
796 -0.044237642866
797 0
798 -0.408248290464
799 0
800 0
801 0.560112033611
802 -0.290987942237
803 0.816496580928
804 -0.276681195637
805 -0.0788819330019
806 -0.43788026952
807 0.5
808 0.0
809 0.285714285714
810 -0.327326835354
811 -0.5
812 -0.280975743475
813 0
814 0.198323103284
815 0.0219899748567
816 0
817 0.375
818 0.762770071396
819 0
820 0.870388279778
821 0.629465181797
822 0
823 -0.329914439537
824 -0.759256602365
825 -0.285201179729
826 -0.162459108322
827 0
828 0.259437260831
829 0
830 -0.0541530361074
831 -0.589483118919
832 0.0
833 0.0502843518605
834 0.456435464588
835 -0.0571428571429
836 0.221289566326
837 1.0
838 -0.327326835354
839 0.533001790889
840 0.466468211771
841 0.0912870929175
842 -0.866025403784
843 -0.337881625259
844 0.4472135955
845 0
846 0.0458604099381
847 0.11963599192
848 -0.632455532034
849 0
850 0.5
851 0.241784520939
852 -0.57735026919
853 0.34
854 0.188256774186
855 0
856 0.200445931434
857 1.0
858 0.436435780472
859 0
860 -0.25
861 0
862 0.370918494695
863 0.612425452659
864 -0.301078749919
865 -0.301511344578
866 0
867 0.0343401409872
868 -0.101796234447
869 -0.654653670708
870 -0.0936776477126
871 -0.493843959708
872 0.301511344578
873 0.316227766017
874 0.0
875 0.116444501948
876 0
877 -0.546323519314
878 0.333333333333
879 0
880 0.0703930658953
881 -0.00770394076469
882 0.307728727448
883 -0.262336091149
884 0
885 0.870388279778
886 -0.183187979136
887 -0.301226227403
888 1.0
889 -0.0572746605431
890 0.224960635333
891 0.174077655956
892 -0.251459996918
893 -0.316227766017
894 0.0873827592053
895 0
896 0.0273155059507
897 0.0553914130366
898 0
899 0.2
900 -0.416666666667
901 0.0247536885744
902 -0.408248290464
903 0.239628618909
904 1.0
905 -0.544581148637
906 0.59160797831
907 -0.283069258536
908 0.350542603629
909 0
910 0.0917249232132
911 -0.172413793103
912 0.0
913 -0.238144836104
914 0
915 0
916 -0.256137363622
917 1.0
918 0
919 0.0725853073789
920 0.342997170285
921 -0.0625
922 0.0975609756098
923 0.241746889208
924 -0.0725954008641
925 0.0184868466662
926 0.632455532034
927 0.454545454545
928 0.333333333333
929 0.216930457819
930 -0.666666666667
931 0.636363636364
932 -0.438141986419
933 -0.211829636434
934 -0.53565566823
935 0.866025403784
936 0.121566134771
937 0.324442842262
938 -0.0440225453163
939 0
940 -0.0842151921067
941 -1.0
942 0.585540043769
943 -0.220234468049
