99879
62616
63751
41066
110121
164391
783
1134
47657
75945
140549
20805
41269
47309
108643
47434
72059
47253
109449
48824
41706
108922
99144
15318
6087
98815
109337
112753
104492
27609
2984
1014
94164
19048
98531
106940
63742
1231
109113
7889
13423
7631
100892
89381
159852
543803
99824
575976
109217
130698
17593
688
48498
85301
143461
69284
767
351328
2421
41539
502099
106739
15318
20899
125252
280534
7213
104893
50022
104893
61393
37511
150401
137173
98571
128042
140612
140612
140612
88068
1064
130790
94997
78592
9564
192200
27611
68551
759020
47343
1228
66956
1228
2871
14870
730
1228
30370
67134
117319
61913
81137
62298
131029
1228
11036
434713
20005
349
463005
108899
652567
94704
88116
109007
99103
109872
338260
1228
113838
34155
1055
66746
47440
109216
82573
109410
51418
28991
26682
46244
4911
37573
7852
74216
21706
118925
1688
63794
108760
1203
140438
73220
140612
110550
1206
339770
286985
351
47433
111881
98008
219770
43617
45853
24652
132937
227555
24091
111801
113927
175742
50982
110315
59491
99179
47511
47213
113329
58432
19746
101027
76157
98066
49227
20976
1228
904
37512
98448
169062
1083160
9261
39560
648
55800
19013
224937
179692
98278
146081
47504
47435
138237
109398
26682
19692
91581
48822
234585
69594
912
352037
806
111207
95369
74855
27
374747
689
47415
47295
110650
127374
606
239
146120
118284
17748
72871
140612
1080
1228
519894
1228
253213
97788
1228
989
1688
17610
19423
43751
111368
77247
10343
87
131385
24916
111767
76054
304266
7957
154584
41577
839
14300
130632
356959
156868
8749
47208
108279
624
110535
673
110231
8044
47246
5127
47573
112407
102842
1204
63740
47531
126243
125241
238070
68459
71982
79600
71764
781
42988
102636
66013
98732
130782
71794
30321
1228
10927
109635
2004
479443
113980
89086
109437
77093
109048
103512
122518
116543
53735
59616
336305
9958
277681
58261
161574
99092
41580
125977
97505
11636
14475
98814
478311
65135
8066
7668
33337
111277
99612
109567
47542
100639
20844
5883
162082
68543
5343
109326
49685
113180
20914
47244
1022
47559
124940
27395
3224
355
31280
110577
924
246655
115082
2888
7709
50148
84511
56137
108769
128653
96524
244976
1204
130543
249609
1166
55842
19086
7094
130631
127982
174213
31535
429716
24889
394338
109623
111000
277681
104927
111134
57955
24284
89127
1228
31514
1228
137712
70909
38796
1354
889
7533
109503
97343
20111
65592
92966
36975
92
670847
259679
81372
140612
31604
127834
1228
47351
125276
1228
19840
145314
352205
1240
57194
48273
47494
246657
274179
792
35765
81394
35144
648
98280
58073
183170
47257
167509
22144
460310
49741
1228
9065
321581
1770
97026
122749
111075
7152
159043
1157
1228
47313
57388
179551
18259
53898
112357
137207
203007
343413
80853
66726
15318
44775
30389
17504
102215
1228
8404
100704
83215
50024
93452
180917
113125
949
70872
63630
25521
55475
14160
30218
10740
220495
108136
60794
114223
100473
166097
2944
110390
84331
109772
2485
115967
88036
41701
69186
20511
80138
47180
47487
1228
97834
43492
971
236057
126612
800
47213
110404
413993
9556
302
347777
109122
865
76171
75898
116466
72915
7534
41581
56055
154392
71741
35070
30507
28737
200558
31688
115419
325818
1113
154650
110403
114777
43671
97069
98216
1228
47255
1717
137010
81790
18738
99032
106742
1206
108270
1240
38639
1058
307199
30402
261247
72895
19628
47371
113327
47396
364702
91903
72056
850
141332
571581
62492
88490
423953
59041
256633
163938
173164
344971
47688
71741
277546
73043
1228
615727
178980
110408
886
158707
29956
109526
104235
47259
111330
59278
10027
112081
15318
116753
101622
95264
14974
466179
20033
109719
100
108603
218
30527
112945
61091
140612
81358
47583
24390
844
72059
132211
47375
495828
186759
35162
155162
78242
98232
2921
41582
633172
237681
1930
110270
262286
69998
35504
17826
47317
47509
22270
76690
47489
17993
16808
61538
26425
90644
748
169913
102449
972
121354
381908
121944
94760
47479
706844
251
62272
13345
100672
144704
31969
347664
108762
47214
20090
109984
47141
58483
886
1175
183707
125720
34159
59060
99255
140612
91581
1022
140218
138456
109575
110125
26879
197654
27
70269
63014
12183
1228
15318
201218
214246
25911
103968
47535
61635
484346
2237
1290
420768
102599
479432
47443
108927
27944
55966
379
60989
171875
20911
108683
47285
69450
383
35944
271167
164250
47356
141549
34313
112403
109348
73856
74844
145304
336689
56540
13254
47586
58293
110239
916
476099
8407
109271
97143
115221
48823
293613
173643
112328
481674
487242
124137
41292
109696
48976
169293
97641
125516
441438
110804
39433
19402
469803
149483
58654
1203
66923
108992
117442
47329
24991
181805
878
47181
110822
98412
73898
134966
24330
29757
138
