34604
15402
58871
14996
88520
35488
650
611
35572
10378
122759
5031
8981
35454
87660
35510
16003
35437
88179
17942
15736
88153
77523
4669
3946
77133
88222
88727
36256
4982
924
752
34186
10670
22852
24534
35448
925
88289
5027
4606
1606
10925
23429
40694
53708
31913
295156
88148
75953
6874
533
9755
22164
45591
10031
582
311277
1893
16481
281461
21544
4669
7671
37196
64289
6973
76911
29228
76911
27183
7768
73968
57006
77277
87049
26267
26267
26267
30759
565
75995
10044
27823
3045
81962
9856
17395
527414
35481
817
14640
817
885
4930
543
817
20346
42089
56404
24817
40998
37517
26007
817
4227
294675
11573
180
367131
88032
313266
34321
31994
88150
61281
88773
235903
817
88501
9008
561
16921
35447
88083
34660
88402
12816
13007
17327
13056
1580
9857
5939
16532
12401
20686
140
29828
88116
659
76099
25071
26267
87618
729
48002
200715
166
35509
87634
26092
55156
33631
31340
12165
108351
172129
7708
4786
88841
30554
43591
87678
26833
77556
35472
35397
39253
22874
10838
27124
66722
77336
16710
10976
817
461
7769
23476
42188
451509
3910
9881
505
18890
6462
79305
45017
77197
120868
35419
35465
38113
88129
17327
11138
44923
8225
28371
23225
465
117105
608
24963
35795
25119
27
158897
530
10869
35479
88423
62405
463
169
120947
75322
11435
8641
26267
255
817
519005
817
201340
77331
817
515
140
6933
11038
34564
87898
19456
8451
36
49807
7726
88347
25395
101786
4919
30914
16519
630
5838
75907
85943
146978
1917
35392
34059
493
87818
523
88190
5801
35430
2342
35511
66175
48566
372
35319
35538
84758
100608
113346
17353
15953
15189
37356
595
11585
77422
14325
77210
75991
31478
20346
817
7802
87986
675
377815
88513
51796
87781
19373
88185
31366
98635
59729
26785
18568
120949
8201
162152
43404
35190
61270
16522
62422
77164
7440
5139
22651
365664
25443
3063
2776
11951
24976
77225
87594
35549
37768
16420
1116
108309
17391
1863
88194
10492
54136
5199
12030
372
35474
47750
6498
992
60
22892
87760
473
78987
60151
162
3026
35778
26670
16402
22582
97700
51704
78073
372
75864
74649
633
18932
13289
1703
75906
101700
67385
6800
228988
12574
107051
72732
88173
162152
26682
50013
43379
13239
37514
817
6775
817
23916
8046
3155
225
451
4672
88050
77212
8424
20172
15278
10146
41
201209
34203
41580
26267
6821
62933
817
35519
100764
817
11403
36044
58434
384
26788
15098
35478
78988
99977
613
13044
47353
18094
505
77594
43393
31474
35441
84380
6535
53963
35252
817
6261
43253
1286
23195
41116
87551
4158
31757
627
817
35458
18278
52272
9885
22153
87843
112721
40187
287127
37104
13583
4669
30046
20349
4390
65267
817
5997
29783
15389
35700
32563
82692
88707
491
21368
35270
5656
22830
2179
9832
3784
55777
80414
37670
88292
21433
100782
2454
88276
35792
88582
1957
56920
23282
16249
17365
14173
33234
35364
35471
817
36439
15544
503
37448
56358
604
35397
88108
338387
2643
133
302361
68663
435
26504
51327
21459
21771
4672
16523
16150
71544
37333
18057
17007
9587
38759
9784
32931
43287
591
30112
88226
87788
11012
33467
76976
817
35439
140
40965
23559
12734
77200
42326
729
87635
384
10510
384
59150
6926
40371
21751
5395
35470
88123
35472
51975
17333
16001
696
92040
30241
16861
81498
25839
14664
44024
36083
57494
217203
35488
37333
109541
35076
817
368228
165946
26901
449
83037
11252
88378
53669
35397
87741
19552
4551
88068
4669
22706
77548
29533
6372
325035
5962
34435
49
87623
167
20385
23921
27883
26267
41566
35544
13153
636
16003
29717
35428
245020
31686
16041
20466
52627
77152
2431
16524
439165
113036
1182
87771
82740
28794
14998
4723
35478
16516
13363
35036
35575
9611
11144
20187
6455
38753
566
65503
26258
505
36750
182388
98566
47815
35509
527921
181
21225
11332
37993
22927
5199
53856
88088
35398
10114
87650
35440
38016
449
639
66605
20888
9008
25862
77423
26267
44923
372
100929
100654
87342
87672
17613
28272
27
28665
22093
4891
817
4669
41844
67975
2376
32720
35519
16739
309077
594
384
368959
74560
377804
35473
88041
9364
8551
210
37644
28057
15622
87733
35430
38889
84
18203
40604
94265
35540
102273
7415
87809
88176
30879
16294
39554
121036
24934
3084
35478
43440
87734
469
338203
6000
88229
77130
88428
22560
192478
30558
89143
72637
295748
47116
16832
88115
14372
113404
77308
100918
50664
21936
22140
2670
359569
86417
20924
659
22756
88189
91435
35428
17444
142308
656
35365
88509
77249
31583
55186
10704
20334
44
