34638
14743
56834
14710
78662
35508
650
33765
10314
109904
8981
87382
78161
16096
33545
78407
17251
8499
78312
68429
4718
3946
68117
78423
78888
34827
4982
924
752
33732
10419
22442
24784
33390
17915
925
78535
5027
109903
4606
1606
10768
16579
87490
41992
34287
32657
275074
78369
111186
298674
6943
106477
69980
533
8658
21699
49179
111716
99860
10022
582
310928
1360
16654
103175
109295
295703
21541
4718
87115
7778
35405
52518
6262
37981
39799
37981
26200
7772
71403
57661
68111
89918
31481
17855
28877
67553
28877
28988
109012
111228
18004
8882
3276
59982
9856
17870
523296
33545
817
14291
87184
817
885
5373
103278
543
817
42510
84165
46763
13192
42704
87404
35913
26116
817
4158
172250
11335
180
99247
78235
260588
68496
33855
29699
78359
106873
68373
33539
231088
817
78691
9316
350777
78751
17396
120534
18019
78220
35464
78553
12471
13004
4181
109452
75740
12618
1580
9460
5939
25505
16312
12070
21735
140
30372
78296
86261
49674
24929
28877
78056
729
47544
117004
107712
162516
86878
166
33852
77999
114516
25045
40036
33072
29804
12167
161620
4785
79117
28841
38396
77963
26907
68588
33755
33579
39998
22921
10758
27080
66486
18020
68121
111746
86097
17217
11128
817
66402
7773
23139
42228
393128
3914
9140
505
15118
99025
6397
78952
52588
68049
108787
68328
33708
38212
17905
76747
78294
4181
11026
117079
8182
28289
21182
121339
117105
70678
608
26013
35383
26358
27
143980
111118
530
10872
33513
88907
78539
43307
463
169
108565
79864
11435
8586
28877
255
817
518089
817
200396
68115
817
75514
157655
140
6933
110573
10962
34124
78327
18879
10009
49539
7837
78506
26634
79786
4919
30284
107936
16692
630
92192
5361
111124
58008
147530
1915
33586
34059
85934
493
77993
523
78494
87129
5820
78500
2342
33763
74649
48170
109681
34328
372
35257
111651
33782
72896
22734
90243
91175
100660
17828
16046
111018
13934
35374
595
13059
4222
68211
108995
13276
67911
111224
31666
96097
35370
817
7802
112936
78158
675
78664
50803
77988
18796
107702
78211
31258
27585
87651
59984
67326
25377
67268
17957
69474
97070
41293
35861
68362
109585
16695
56049
107345
68056
14963
4880
107822
22495
348680
26264
76109
104192
3063
3269
11928
26042
68012
14636
77994
83181
33761
33768
1116
17987
31144
17866
1864
78414
107893
10376
31724
5199
10716
88340
17320
101033
372
111941
106453
48945
6490
992
22872
78114
17799
78473
60017
77564
17999
162
106513
16474
33845
27492
16402
23561
95361
52041
79879
68408
372
82283
111081
80565
128
15160
13027
1703
108724
111124
61599
90665
53268
6836
12576
106109
69306
78372
76325
27958
52712
41237
13241
37466
157655
817
6756
817
24558
8124
65652
3155
1352
225
4672
78313
68087
111137
8424
20204
12644
10085
33929
49729
31481
6792
113869
42862
817
41550
33735
91974
89631
817
11007
35810
57637
384
26726
15132
33831
78472
94666
613
12628
112126
47289
18068
505
68342
41287
104557
31331
33585
85571
6461
58268
35389
817
6261
43189
17611
33945
52009
106538
77941
4158
37117
125
817
33776
17421
53451
18003
72557
9827
101105
108234
21856
78338
40122
283728
37177
103928
13177
4718
28563
4272
66119
817
26153
33852
32332
79048
79115
21296
35209
6062
24410
2179
9832
3784
33369
71436
37215
18035
74954
17750
78744
48020
23768
91450
14243
114981
78577
103044
35974
78570
1424
40346
23267
15903
11662
26324
14060
122255
33172
33577
33745
817
37285
15149
87775
41535
37898
56930
604
106051
33621
78378
322832
2643
134
393082
68283
26583
22443
20148
4672
16696
16150
78682
35351
18031
17097
101223
9582
38508
9784
30774
46122
29385
78265
78014
64332
10990
105431
33021
67792
817
33575
71638
196655
140
113286
23878
12691
67917
41876
729
78056
384
13878
120473
384
59128
6926
43159
20128
5777
5377
33712
78385
40250
17967
14551
204894
16094
696
85524
30186
75598
47307
16818
43857
35608
57475
217203
33844
35351
87545
35076
817
175765
169076
100557
26577
84189
12603
18032
78677
53203
33543
78100
19791
4829
78602
4718
23369
68453
39227
6372
170428
5336
74155
34435
10031
78007
79411
1443
68908
25016
12699
21912
31481
49715
33753
23741
636
16096
29194
89483
30609
11561
36415
67891
118137
41547
15849
16697
266505
90914
1187
78159
49800
28368
14844
21848
4652
33516
12535
12768
109911
34833
33826
67419
9527
11109
20121
10473
6692
38741
566
63951
24175
41540
28308
167031
87524
47544
33750
527196
5914
29262
11031
37951
113691
85
25045
5199
53682
78375
33612
9821
10982
77994
33547
37170
17810
131
108594
66076
17346
9316
24508
68144
28877
117079
372
90805
90530
77793
65967
78056
4181
14604
27
20637
22045
4616
817
4718
41770
49074
110171
2428
32728
67659
21112
75762
173358
594
384
535694
78026
74755
33819
78305
9473
8243
17747
8405
210
37440
30257
84409
15622
78115
33737
73743
18177
40056
93809
33588
92280
67400
7748
17936
78249
78349
23806
19561
35180
69561
28856
3059
112531
33792
41228
25167
78030
41543
160684
98284
78426
68422
78810
22443
192589
36240
78829
86480
72204
53191
16820
78274
14150
361510
112188
87902
72167
68090
89440
49033
22076
2663
341212
86623
20067
67060
23081
78397
125
70627
361521
33735
17742
107877
656
33545
78623
68081
115890
117615
34569
52230
10308
44
94188
