99768
61350
61384
40798
99502
164073
783
46206
75502
128072
41269
109961
100374
71900
45717
98958
47502
33833
98392
89509
15509
6087
89194
98595
101582
99088
27609
2984
1014
93577
18713
93579
106395
61613
38381
1231
98582
7887
190364
13423
7631
100103
65906
168158
160683
276253
99386
549334
98706
297395
487271
17620
187226
148550
688
46192
83081
141718
196635
186328
68975
767
349573
1821
42499
182891
191746
649793
104205
15509
167239
21006
121435
239516
6502
68204
69843
68204
59398
37299
145946
138275
88754
132941
151492
38321
150034
147255
150034
75694
189923
297437
38502
89258
9472
167670
27611
72455
753378
45763
1228
67105
169286
1228
2871
18491
181216
730
1228
67224
164931
104988
45935
88489
168264
60279
133817
1228
10943
234720
19806
349
182343
98367
489158
145405
94153
91152
98474
187611
152165
45711
334794
1228
103010
34382
443481
158629
70539
204816
38502
98564
95495
98762
51315
28932
5456
187453
154556
43942
4911
36189
7852
228975
74597
21694
118807
1688
64258
98224
167328
96515
72589
150034
100020
1206
336846
201530
188408
248550
167577
351
46132
101415
196673
97001
169799
42896
44346
24168
207507
82308
103419
150460
45538
99863
59624
89552
46150
45751
112870
58365
20013
101595
75921
39728
88230
192742
168379
49824
21449
1228
148040
37300
97710
153811
1024662
9242
37936
648
51001
176514
18948
223098
132138
88336
134268
87946
46034
132574
38321
158726
98801
5456
19801
170582
48336
232899
66866
205710
352037
149696
806
111207
94890
90577
27
286385
196397
689
47421
45685
166550
99988
104312
606
239
134132
138849
17748
69729
150034
1080
1228
518938
1228
253888
87965
1228
155851
235712
1688
17610
190765
19451
42640
101056
76360
13452
131337
25207
101137
91931
278921
7957
145589
186178
42537
839
176202
11973
297333
320610
157417
8728
45758
108279
164229
624
99934
673
99684
168006
7844
98494
5127
46181
156841
102609
191595
52940
1204
63299
193274
46131
151616
63241
113964
211797
184337
72363
71823
190297
76033
71528
781
44033
19524
92771
187088
51287
88793
297433
71486
176278
228333
1228
10927
194152
99045
2004
102956
85802
98855
76206
188395
98288
107487
78097
110485
116822
146077
52405
131785
56949
266512
177766
54780
162739
152154
190983
42540
116928
188169
87811
19422
14108
188197
119591
443239
64473
155463
184250
8066
12184
33314
111209
89765
62736
99158
163765
46110
46699
5883
38475
83370
72447
5344
98790
188474
48264
66492
20914
47273
169634
59770
184430
1022
195061
187238
125299
27348
3224
31330
100270
39407
239270
114765
157544
38465
2888
187342
37278
48571
84547
56137
109069
124796
96853
246800
152508
1204
162987
297290
253322
156
51043
18763
7094
189447
297333
143130
115891
162764
31708
24531
389543
115258
100427
157385
128761
115664
54522
23817
89032
235712
1228
31540
1228
144777
71396
142832
38796
1813
1354
7534
98991
87601
192714
20125
67133
90129
36564
256272
103191
151492
31753
195128
104776
1228
51438
45923
171588
113181
1228
19764
147069
341430
1240
56771
52606
46203
239268
261597
792
34692
193524
80888
35225
648
88304
54646
183962
179462
45757
168858
22070
443503
49839
1228
9065
318967
19642
108561
206687
187272
100727
7152
154643
153
1228
45987
55371
179939
38479
153122
18133
180340
186405
52832
102111
217038
339602
84421
183372
85899
15509
43322
17496
102736
1228
95492
48532
93067
179104
102783
75579
63188
25627
55614
14160
30218
10740
173114
99567
59040
38461
151320
38216
103939
112125
101185
158906
45453
197356
99962
186481
84784
98998
1885
99192
86515
40700
15415
79662
20329
206664
80012
45749
46117
1228
96840
43053
168872
50805
232161
127616
800
186354
45793
99899
398186
9556
303
436840
108143
75774
115596
71332
7533
42541
56055
155020
71505
35151
30857
180359
28769
198662
31688
111632
325450
152303
99667
104289
145629
43497
183820
96079
88384
1228
45747
142191
571076
1717
195787
85997
18632
89235
106436
1206
98068
1240
42626
204904
1058
305717
30402
262440
71312
14368
19537
45969
102897
339309
38433
91084
400266
71897
850
129376
557780
82353
232844
59752
265453
163153
178131
344971
46400
71505
253799
73043
1228
266315
182090
177965
109717
160342
33027
38530
99155
103901
45761
100958
60924
10315
101877
15509
123675
91822
124023
14974
234413
19183
153957
109719
13470
98298
159951
1770
149430
113359
16448
56333
151492
103177
46148
52877
844
71900
128663
112363
192551
31225
60457
88286
283627
51419
56451
42542
372501
211479
1935
99941
144205
69168
34375
108297
17073
45711
37677
21994
190812
76511
46106
171448
18073
16716
61474
19372
26780
90685
748
165979
92882
51332
103850
359991
109916
94776
46076
760095
8200
70076
12038
117884
193916
136
164775
31969
344745
98309
45784
19893
40154
99623
45604
56412
38319
159
189811
182474
125585
34390
57667
89344
150034
170742
1022
124102
121890
99323
140554
99799
5456
103724
27
46869
65495
11595
1228
15509
201144
141764
190543
25749
108134
144081
65357
152823
243679
2237
1290
590690
156260
101444
46145
98469
28796
55603
38213
14387
379
59931
192937
162203
20911
98386
45948
155626
36025
264832
163843
45760
125671
145084
32638
39688
102022
98788
69426
75289
139256
266896
75126
13204
193470
46256
54676
79482
99922
51402
220792
182069
98693
87882
104837
48012
293822
181453
101108
166900
472946
120148
41252
99080
48338
458317
167554
171536
151832
87748
113038
441669
38993
19243
427753
151287
57982
146304
67538
98411
380
93129
458328
45992
25289
159547
878
45717
100062
88640
198335
206446
77630
131920
23724
138
176147