34638	-34
14743	659
56834	2037
14710	286
78662	9858
35508	-20
650	0
33765	-33154
10314	25258
109904	-99526
8981	113778
87382	-82351
78161	-69180
16096	19358
33545	54115
78407	-42897
17251	-1248
8499	26938
78312	9867
68429	-50487
4718	11018
3946	84207
68117	9406
78423	-73754
78888	-74942
34827	42306
4982	83240
924	87803
752	35504
33732	-28750
10419	-9495
22442	-21690
24784	9402
33390	-22720
17915	4937
925	23609
78535	-43087
5027	-4102
109903	-21614
4606	421
1606	3000
10768	-9162
16579	-5654
87490	-64061
41992	-1298
34287	19421
32657	-744
275074	20082
78369	9779
111186	-35233
298674	-291800
6943	-6410
106477	-96722
69980	-47816
533	45058
8658	1373
21699	-21117
49179	262098
111716	-109823
99860	-83379
10022	271439
582	20962
310928	-306259
1360	6311
16654	20542
103175	-38886
109295	-102322
295703	-218792
21541	7687
4718	72193
87115	-59932
7778	-10
35405	38563
52518	4488
6262	71015
37981	49068
39799	-13532
37981	-11714
26200	67
7772	22987
71403	-70838
57661	18334
68111	-58067
89918	-62095
31481	-28436
17855	64107
28877	-19021
67553	-50158
28877	498537
28988	6493
109012	-108195
111228	-96588
18004	-17187
8882	-7997
3276	1654
59982	-59439
9856	-9039
17870	2476
523296	-481207
33545	22859
817	24000
14291	26707
87184	-49667
817	25190
885	-68
5373	-1146
103278	191397
543	11030
817	-637
42510	324621
84165	3867
46763	266503
13192	21129
42704	-10710
87404	746
35913	25368
26116	62657
817	235086
4158	-3341
172250	-83749
11335	-2327
180	381
99247	-82326
78235	-42788
260588	-172505
68496	-33836
33855	54547
29699	-16883
78359	-65352
106873	-89546
68373	-55317
33539	-31959
231088	-221231
817	5122
78691	-62159
9316	3085
350777	-330091
78751	-78611
17396	12432
120534	-32418
18019	-17360
78220	-2121
35464	-10393
78553	-52286
12471	75147
13004	-12275
4181	43821
109452	91263
75740	-75574
12618	22891
1580	86054
9460	16632
5939	49217
25505	8126
16312	15028
12070	95
21735	86616
140	171989
30372	-22664
78296	-73510
86261	2580
49674	-19120
24929	18662
28877	58801
78056	-51223
729	76827
47544	-12072
117004	-81607
107712	-68459
162516	-139642
86878	-76040
166	26958
33852	32870
77999	-663
114516	-97806
25045	-14069
40036	-39219
33072	-32611
29804	-22035
12167	11309
161620	-119432
4785	446724
79117	-75207
28841	-18960
38396	-37891
77963	-59073
26907	-20445
68588	10717
33755	11262
33579	43618
39998	80870
22921	12498
10758	24707
27080	11033
66486	21643
18020	-693
68121	-56983
111746	-66823
86097	-77872
17217	11154
11128	12097
817	-352
66402	50703
7773	-7165
23139	1824
42228	-6433
393128	-368009
3914	-3887
9140	149757
505	25
15118	-4249
99025	-63546
6397	82026
78952	-16547
52588	-52125
68049	-67880
108787	12160
68328	6994
33708	-22273
38212	-29571
17905	8362
76747	-76492
78294	-77477
4181	514824
11026	-10209
117079	84261
8182	69149
28289	-27472
21182	-20667
121339	-121199
117105	-110172
70678	-59640
608	33956
26013	61885
35383	-15927
26358	-17907
27	9
143980	-94173
111118	-103392
530	87817
10872	14523
33513	68273
88907	-83988
78539	-47625
43307	-26788
463	167
169	5669
108565	-32658
79864	6079
11435	135543
8586	-6669
28877	6515
255	33804
817	-324
518089	-430271
817	-294
200396	-112206
68115	-62314
817	34613
75514	-73172
157655	-122144
140	66035
6933	41633
110573	-110201
10962	24357
34124	1414
78327	6431
18879	81729
10009	103337
49539	-32186
7837	8116
78506	-63317
26634	10722
79786	-79191
4919	6666
30284	47138
107936	-93611
16692	60518
630	75361
92192	-60714
5361	14985
111124	-110307
58008	-50206
147530	-59544
1915	-1240
33586	344229
34059	54454
85934	-34138
493	87288
77993	-58620
523	87662
78494	-47128
87129	11506
5820	53909
78500	-51715
2342	16226
33763	87186
74649	-66448
48170	113982
109681	-66277
34328	862
372	60898
35257	-18735
111651	-49229
33782	43382
72896	-65456
22734	-17595
90243	-67592
91175	274489
100660	-75217
17828	-14765
16046	-13270
111018	-99067
13934	11042
35374	41851
595	86999
13059	22490
4222	33546
68211	-51791
108995	-107879
13276	95033
67911	-50520
111224	-109361
31666	56528
96097	-85605
35370	18766
817	4382
7802	4228
112936	-112564
78158	-42684
675	47075
78664	-72166
50803	-49811
77988	-77928
18796	4096
107702	-19942
78211	-77738
31258	47729
27585	32566
87651	-87489
59984	-56958
67326	-31548
25377	1293
67268	-50866
17957	4625
69474	28226
97070	-45366
41293	36780
35861	-35489
68362	7502
109585	-34936
16695	-16062
56049	-37117
107345	-94056
68056	-66353
14963	60943
4880	96820
107822	-40437
22495	-15695
348680	-119692
26264	-13690
76109	30942
104192	-31460
3063	85110
3269	158883
11928	14754
26042	23971
68012	-24633
14636	-1397
77994	-40480
83181	-82364
33761	-26986
33768	-32951
1116	22800
17987	-9941
31144	-27989
17866	-17641
1864	-1413
78414	-73742
107893	-19843
10376	66836
31724	-23300
5199	14973
10716	4562
88340	-78194
17320	-17279
101033	100176
372	33831
111941	-70361
106453	-80186
48945	-42124
6490	56443
992	-175
22872	12647
78114	22650
17799	-16982
78473	-67070
60017	-23973
77564	-19130
17999	-17615
162	26626
106513	-91415
16474	19004
33845	45143
27492	72485
16402	-15789
23561	-10517
95361	-48008
52041	-33947
79879	-79374
68408	9186
372	43021
82283	-50809
111081	-75640
80565	3815
128	6407
15160	38803
13027	22225
1703	-886
108724	-102463
111124	-67871
61599	-60313
90665	-67470
53268	-12152
6836	80715
12576	-8418
106109	-74352
69306	-68679
78372	-77555
76325	-40867
27958	-9680
52712	-440
41237	-31352
13241	8912
37466	50377
157655	-44934
817	39370
6756	280371
817	36287
24558	-10975
8124	-3455
65652	-35606
3155	17194
1352	3038
225	65042
4672	-3855
78313	-72316
68087	-38304
111137	-95748
8424	27276
20204	12359
12644	70048
10085	78622
33929	-33438
49729	-28361
31481	3789
6792	-1136
113869	-91039
42862	-40683
817	9015
41550	-37766
33735	22042
91974	-11560
89631	-51961
817	87475
11007	10426
35810	64972
57637	-55183
384	87892
26726	9066
15132	73450
33831	-31874
78472	-21552
94666	-71384
613	15636
12628	4737
112126	-97953
47289	-14055
18068	17296
505	34966
68342	-67525
41287	-4848
104557	-89013
31331	-30828
33585	3863
85571	-29213
6461	-5857
58268	-22871
35389	52719
817	337570
6261	-3618
43189	-43056
17611	284750
33945	34718
52009	-51574
106538	-80034
77941	-26614
4158	17301
37117	-15346
125	4547
817	15706
33776	-17626
17421	54123
53451	-16118
18003	54
72557	-55550
9827	-240
101105	-62346
108234	-98450
21856	11075
78338	-35051
40122	-39531
283728	-253616
37177	51049
103928	-16140
13177	-2165
4718	28749
28563	48413
4272	-3455
66119	-30680
817	-677
26153	14812
33852	-10293
32332	-19598
79048	-1848
79115	-36789
21296	-20567
35209	52426
6062	-5678
24410	-13900
2179	-1795
9832	49318
3784	3142
33369	7002
71436	-49685
37215	-31820
18035	17435
74954	13169
17750	17722
78744	-26769
48020	-30687
23768	-7767
91450	-90754
14243	77797
114981	-84740
78577	-61716
103044	-21546
35974	-10135
78570	-63906
1424	42600
40346	-4263
23267	34227
15903	201300
11662	23826
26324	11009
14060	95481
122255	-87179
33172	-32355
33577	334651
33745	132201
817	26084
37285	-36836
15149	67888
87775	-76523
41535	46843
37898	15771
56930	-21533
604	87137
106051	-86499
33621	-29070
78378	9690
322832	-318163
2643	20063
134	77414
393082	-363549
68283	-61911
26583	298452
22443	-16481
20148	14287
4672	-4623
16696	70927
16150	-15983
78682	-58297
35351	-11430
18031	9852
17097	9170
101223	-59657
9582	25962
38508	-25355
9784	-9148
30774	-14771
46122	-16405
29385	6043
78265	166755
78014	-46328
64332	-48291
10990	9476
105431	-52804
33021	44131
67792	-65361
817	15707
33575	405590
71638	41398
196655	-195473
140	87631
113286	-30546
23878	4916
12691	2307
67917	-63194
41876	-6398
729	15787
78056	-64693
384	34652
13878	21697
120473	-110862
384	10760
59128	-38941
6926	-471
43159	-4406
20128	-19562
5777	59726
5377	20881
33712	-33207
78385	-41635
40250	142138
17967	80599
14551	33264
204894	-169385
16094	511827
696	-515
85524	-64299
30186	-18854
75598	-37605
47307	-24380
16818	-11619
43857	9999
35608	52480
57475	-22077
217203	-207089
33844	53806
35351	89
87545	-49529
35076	-34627
817	-178
175765	-109160
169076	-148188
100557	-91549
26577	-715
84189	-6766
12603	13664
18032	26891
78677	-78305
53203	47726
33543	67111
78100	9242
19791	67881
4829	12784
78602	-50330
4718	-4691
23369	5296
68453	-46360
39227	-34336
6372	-5555
170428	-165759
5336	36508
74155	-6180
34435	-32059
10031	22689
78007	-42488
79411	-62672
1443	307634
68908	-68314
25016	-24632
12699	356260
21912	52648
31481	346323
49715	-14242
33753	54288
23741	-14377
636	7915
16096	-15886
29194	8450
89483	-61426
30609	-14987
11561	76172
36415	-985
67891	-29002
118137	-118053
41547	-23344
15849	24755
16697	77568
266505	-230965
90914	11359
1187	6228
78159	9650
49800	38376
28368	2511
14844	1450
21848	17706
4652	116384
33516	-8582
12535	-9451
12768	22710
109911	-66471
34833	52901
33826	-33357
67419	270784
9527	-3527
11109	77120
20121	57009
10473	77955
6692	15868
38741	153737
566	29992
63951	25192
24175	48462
41540	254208
28308	18808
167031	-150199
87524	591
47544	-33172
33750	79654
527196	-449888
5914	95004
29262	21402
11031	10905
37951	-15811
113691	-111021
85	359484
25045	61372
5199	15725
53682	-53023
78375	-55619
33612	54577
9821	81614
10982	24446
77994	-60550
33547	108761
37170	-36514
17810	17555
131	88378
108594	-31345
66076	-34493
17346	37840
9316	1388
24508	-4174
68144	-68100
28877	-28877
117079	-117079
372	-372
90805	-90805
90530	-90530
77793	-77793
65967	-65967
78056	-78056
4181	-4181
14604	-14604
27	-27
20637	-20637
22045	-22045
4616	-4616
817	-817
4718	-4718
41770	-41770
49074	-49074
110171	-110171
2428	-2428
32728	-32728
67659	-67659
21112	-21112
75762	-75762
173358	-173358
594	-594
384	-384
535694	-535694
78026	-78026
74755	-74755
33819	-33819
78305	-78305
9473	-9473
8243	-8243
17747	-17747
8405	-8405
210	-210
37440	-37440
30257	-30257
84409	-84409
15622	-15622
78115	-78115
33737	-33737
73743	-73743
18177	-18177
40056	-40056
93809	-93809
33588	-33588
92280	-92280
67400	-67400
7748	-7748
17936	-17936
78249	-78249
78349	-78349
23806	-23806
19561	-19561
35180	-35180
69561	-69561
28856	-28856
3059	-3059
112531	-112531
33792	-33792
41228	-41228
25167	-25167
78030	-78030
41543	-41543
160684	-160684
98284	-98284
78426	-78426
68422	-68422
78810	-78810
22443	-22443
192589	-192589
36240	-36240
78829	-78829
86480	-86480
72204	-72204
53191	-53191
16820	-16820
78274	-78274
14150	-14150
361510	-361510
112188	-112188
87902	-87902
72167	-72167
68090	-68090
89440	-89440
49033	-49033
22076	-22076
2663	-2663
341212	-341212
86623	-86623
20067	-20067
67060	-67060
23081	-23081
78397	-78397
125	-125
70627	-70627
361521	-361521
33735	-33735
17742	-17742
107877	-107877
656	-656
33545	-33545
78623	-78623
68081	-68081
115890	-115890
117615	-117615
34569	-34569
52230	-52230
10308	-10308
44	-44
94188	-94188