0
2
3
6
6
8
14
16
19
23
32
36
37
52
54
57
59
63
64
66
67
73
75
76
77
84
93
94
100
103
105
107
123
127
127
128
134
136
138
141
143
145
157
162
164
168
171
177
192
194
195
195
199
199
205
208
210
214
215
217
220
223
223
225
233
256
263
267
271
272
278
283
289
295
297
298
299
307
313
319
330
337
341
349
365
371
376
386
393
399
401
412
425
435
446
462
468
483
489
498
506
507
516
527
534
543
558
574
588
601
623
629
648
661
663
731
732
750
754
808
833
928
1014
1200
1483
1552
1836
1836
2282
3020
7891
13200
15663