460842365
4664999113
293183998
3064238573
1004748558
4130688135
4064572889
941726670
3922723959
286261482
286532398
382174209
935921503
277619936
186256987
3468910169
3382567216
3103348295
608698584
1601213750
543971994
371016984
1940891634
1195075760
3218134257
392147910
3169927840
398500152
1230347280
605870270
290046432
445057027
1249962104
166463560
2292329033
3041579651
927861259
2334964996
493283089
2913340210
3026555397
1537254949
2238224492
242045593
533609877
1246758536
940276040
97012079
609103087
440494416
509181024
2937846755
2914531473
2919067201
2902596724
1422061172
1672408651
2752385484
1551442356
2766548825
362214257
2776832965
228271819
364170651
364683186
2734565644
2604464446
2151967063
2448492763
1210157598
262005426
100646519
2655092873
523508346
358806209
258608497
392436553
2347902405
715215794
780894228
333795066
624798436
2464008016
2237772384
364072372
362891798
1668581304
524950052
422179876
1651649238
474455824
2403538666
259527796
619082797
298237902
243027254
2321185119
472976560
1035149784
100002618
318487460
413598079
467954890
243467114
346964480
2304573203
2230299493
85005476
416048312
2345497260
255741404
849931044
429110769
320364459
261946574
232719227
1034930119
312427672
25005076
340047972
346705910
794711202
1122537024
60784841
1708408440
250966853
465066276
547267877
438474262
468602502
411211347
403723130
425379468
