NumberofDays
714 
650 
35 
1673 
2997 
6303 
313 
226 
634 
2168 
419 
400 
2418 
495 
204 
1982 
2508 
329 
80 
1007 
515 
2327 
4950 
637 
6987 
1381 
377 
6795 
6237 
882 
1034 
6237 
4141 
29 
2160 
2496 
3383 
2015 
6879 
981 
893 
846 
4459 
3926 
1122 
1046 
992 
317 
1908 
701 
6228 
966 
2327 
634 
355 
1485 
1022 
6140 
2119 
2518 
2541 
2213 
4746 
6273 
2901 
384 
3214 
1028 
4160 
441 
2619 
2192 
1055 
2288 
196 
2046 
628 
2175 
4338 
44 
1074 
751 
1141 
1356 
5242 
1024 
5307 
16 
1671 
981 
2985 
637 
1753 
4138 
476 
6273 
1627 
402 
5597 
4077 
509 
973 
2213 
538 
564 
5968 
6228 
6580 
4160 
6279 
1649 
1940 
1539 
1708 
2040 
2353 
2833 
1788 
2479 
6993 
3269 
6282 
786 
3203 
917 
979 
4168 
1657 
989 
2455 
1836 
6786 
2195 
223 
1590 
2265 
1050 
4271 
6282 
3649 
769 
2613 
594 
463 
3933 
3086 
2612 
2577 
6273 
11 
411 
3843 
4160 
1036 
599 
921 
3944 
581 
1928 
4046 
5821 
2117 
1750 
2077 
3106 
910 
2311 
4586 
6575 
282 
5700 
1960 
1801 
330 
1692 
1902 
220 
632 
1442 
2249 
3037 
1045 
637 
15 
4160 
2086 
6955 
5828 
4023 
109 
1256 
1393 
481 
2490 
391 
2516 
2154 
237 
3457 
4346 
4823 
772 
3009 
6867 
4469 
2828 
1692 
4349 
1690 
638 
353 
4006 
971 
2080 
5869 
6273 
490 
3047 
3556 
6278 
6992 
2357 
1321 
992 
1549 
121 
2141 
5471 
2435 
6273 
6596 
1381 
1596 
2331 
545 
1363 
4270 
4768 
999 
6973 
2833 
32 
1500 
1885 
983 
616 
35 
4269 
1834 
1796 
306 
971 
3290 
1115 
6972 
35 
3526 
3466 
2278 
34 
690 
3535 
1215 
6891 
994 
3190 
2008 
522 
4286 
965 
895 
6876 
4887 
1756 
1240 
216 
2199 
1006 
1022 
5384 
443 
422 
587 
900 
6486 
1442 
205 
2216 
1006 
7052 
884 
2236 
3324 
5318 
2118 
2151 
1775 
282 
6986 
339 
2105 
1973 
5065 
1877 
3292 
6236 
586 
6237 
4161 
1766 
3464 
5945 
2168 
1104 
1024 
3064 
279 
1861 
134 
1835 
4399 
1034 
2438 
365 
2074 
4324 
2124 
2031 
5827 
1779 
142 
2614 
1399 
5427 
6989 
915 
5387 
979 
406 
739 
1490 
5730 
424 
275 
620 
6282 
1945 
868 
1351 
686 
2991 
262 
5139 
1902 
424 
3188 
1975 
1458 
282 
4403 
2551 
5191 
3697 
2065 
975 
3519 
2772 
1669 
695 
769 
475 
4109 
1935 
2969 
2614 
2183 
2451 
1836 
1027 
944 
3357 
2239 
3849 
378 
3655 
1685 
269 
6282 
5427 
351 
540 
113 
3217 
1691 
1717 
1247 
371 
3999 
5564 
5547 
2613 
1317 
2163 
4165 
2761 
2608 
376 
1929 
2614 
87 
321 
1945 
5715 
4591 
1226 
356 
5431 
6134 
5385 
637 
3944 
3163 
4761 
5068 
6228 
609 
6273 
1842 
1891 
1637 
3943 
484 
1511 
978 
1045 
4037 
3542 
5257 
5877 
5255 
3946 
3243 
3151 
4508 
937 
5236 
2357 
35 
4450 
1220 
6819 
5248 
1624 
6776 
1764 
1047 
914 
775 
7031 
1546 
1523 
3848 
5931 
1467 
6282 
4757 
1783 
6699 
226 
1417 
2559 
1837 
796 
1744 
2707 
939 
126 
483 
423 
770 
421 
2027 
555 
1013 
4264 
5241 
2121 
1799 
984 
478 
1114 
1356 
650 
4513 
414 
2948 
4681 
1501 
1537 
5014 
1333 
2839 
6273 
5826 
517 
7045 
573 
4831 
2103 
638 
3262 
292 
1838 
1032 
3191 
1460 
1284 
2737 
6932 
1442 
4288 
2615 
1953 
2554 
6503 
2952 
22 
458 
850 
1073 
2561 
6228 
1932 
6839 
10 
3187 
1502 
3089 
2897 
373 
1359 
2610 
638 
3662 
5331 
5825 
34 
507 
5263 
481 
6273 
349 
190 
4889 
5186 
1043 
422 
1445 
5318 
6933 
1778 
5254 
592 
5826 
4160 
6279 
3387 
654 
2554 
961 
998 
6586 
5124 
250 
1371 
34 
793 
197 
5014 
5827 
2824 
1476 
35 
479 
1031 
5825 
1673 
1489 
472 
2343 
6639 
3322 
1205 
6993 
89 
3053 
4823 
340 
688 
4386 
876 
2345 
1269 
4826 
500 
2221 
530 
2562 
4087 
1286 
1793 
5387 
1793 
4890 
6995 
5176 
378 
1487 
4620 
937 
3718 
1881 
310 
1292 
1730 
1562 
1805 
6842 
518 
7032 
1029 
3595 
2044 
3386 
4444 
6279 
1049 
1030 
3613 
229 
1463 
617 
5718 
4286 
4271 
774 
2249 
1455 
466 
1563 
4346 
5318 
188 
2517 
3763 
111 
6273 
373 
6273 
5597 
3533 
1924 
424 
958 
2224 
422 
1004 
970 
5967 
1946 
465 
5072 
490 
3499 
1652 
1938 
1707 
2257 
342 
375 
1905 
1550 
1996 
6273 
4504 
66 
4264 
6979 
961 
5828 
4760 
570 
173 
6273 
6993 
196 
2493 
1530 
5191 
5073 
1329 
541 
3312 
5461 
5921 
134 
1959 
1456 
33 
317 
702 
4014 
586 
2488 
1539 
6273 
4461 
5828 
6 
4404 
3139 
6995 
244 
2073 
5192 
6988 
211 
6862 
1969 
1203 
593 
974 
1006 
34 
1032 
5410 
752 
869 
1190 
974 
5367 
29 
6958 
1232 
3649 
1807 
1399 
305 
1383 
1120 
774 
662 
257 
4340 
4731 
3019 
4887 
185 
1969 
5968 
440 
440 
2679 
5967 
196 
998 
6273 
368 
2544 
694 
637 
814 
3067 
6993 
5461 
660 
4330 
1149 
5252 
6983 
1045 
