57
80
83
52
143
101
72
130
19
142
138
118
65
67
158
91
141
157
88
8
67
118
85
38
18
107
84
114
47
129
54
136
87
146
78
65
105
16
90
41
155
20
17
151
68
24
41
153
132
96
7
38
118
92
109
79
130
37
66
100
137
126
156
101
128
158
19
89
153
26
21
35
86
49
95
12
30
72
118
96
140
65
76
72
27
159
152
44
77
130
101
107
105
53
71
134
5
80
109
69
157
120
121
85
155
108
120
13
8
57
86
20
7
150
141
51
124
93
53
12
54
92
107
86
127
56
35
68
67
112
17
99
42
138
60
50
155
4
41
124
121
130
53
1
83
155
46
17
140
27
41
151
51
157
70
49
153
37
17
150
20
126
120
90
107
47
29
133
15
60
103
119
108
79
47
112
80
23
162
136
36
56
36
111
125
9
100
24
24
84
65
92
90
36
98
118
8
11
54
156
23
12
33
33
26
126
146
148
4
2
74
51
120
122
136
26
69
152
105
27
15
153
42
42
148
159
109
118
92
80
7
88
53
69
141
34
151
105
76
62
123
128
158
132
90
2
140
104
154
137
160
3
18
59
18
144
47
146
157
81
36
93
5
128
147
115
55
29
100
112
148
110
7
83
109
53
55
35
136
29
71
138
43
109
105
36
101
121
69
30
8
37
65
23
18
37
155
87
77
151
154
112
137
94
91
138
17
66
101
82
103
92
122
77
104
21
39
59
97
14
59
68
107
77
69
133
120
85
48
64
116
110
150
157
101
157
88
85
146
100
161
52
153
111
74
17
114
138
155
55
53
84
159
70
66
62
134
45
75
44
90
76
42
161
111
13
68
137
12
153
17
57
4
109
86
37
141
7
78
21
67
114
159
154
131
154
137
101
123
67
49
117
76
98
38
163
41
118
122
75
37
16
28
58
28
21
60
42
34
1
55
18
55
33
47
3
48
31
9
26
17
61
33
51
47
63
58
8
61
58
21
28
62
56
60
2
27
49
26
1
49
52
54
39
59
22
19
54
2
38
26
46
49
30
53
61
27
8
32
28
8
9
5
41
12
4
4
16
45
21
38
54
1
9
28
16
3
44
47
30
45
48
56
44
50
23
28
22
11
49
15
17
13
30
15
34
46
29
23
47
4
11
25
57
4
45
40
59
8
38
4
44
26
28
7
31
26
45
56
36
19
56
6
4
22
33
12
62
21
5
13
7
30
33
34
63
58
48
51
60
28
7
21
17
3
2
29
39
39
10
32
4
1
31
21
6
33
45
59
54
56
50
5
33
24
56
63
37
49
13
34
40
28
13
59
25
5
16
60
6
58
47
3
25
61
61
11
36
26
39
7
20
17
61
2
27
44
3
9
53
53
8
25
25
9
2
57
27
2
12
52
12
49
41
55
18
44
36
8
33
53
47
26
45
40
62
63
16
52
14
13
47
55
25
45
21
21
26
34
56
47
13
62
55
61
23
4
48
63
16
12
58
38
53
34
31
26
26
61
12
18
17
20
35
3
28
61
54
7
5
9
63
24
51
37
7
37
19
58
28
42
38
48
11
26
16
28
52
32
61
2
29
9
38
29
38
11
28
39
5
53
31
5
26
24
37
53
35
10
21
53
27
33
25
46
7
46
47
2
33
51
9
35
13
3
39
26
58
47
43
20
58
63
30
59
21
10
8
13
27
53
62
36
22
25
40
36
44
17
16
11
14
6
37
8
46
24
57
51
47
26
34
6
23
4
45
51
47
48
58
7
48
56
46
42
21
4
38
45
18
31
12
57
7
61
40
51
33
54
10
46
23
59
59
7
38
23
32
17
38
19
40
62
16
21
6
33
37
24
60
62
44
18
47
4
58
58
5
38
55
12
39
3
37
61
18
6
59
15
17
25
6
25
33
59
23
24
39
49
41
12
16
38
49
53
55
36
30
47
63
17
58
48
47
30
57
33
4
20
41
60
28
10
56
21
29
4
51
52
6
24
11
25
4
12
26
9
33
43
27
54
55
24
20
25
25
27
41
1
43
35
35
55
51
8
30
1
1
44
9
8
63
9
60
4
36
35
17
54
3
25
61
21
8
61
51
11
2
16
54
50
3
47
60
8
15
34
25
15
42
61
51
37
54
21
52
5
29
32
14
10
13
27
59
29
28
2
60
50
36
48
39
37
23
42
10
13
15
42
58
38
26
48
63
7
25
19
1
41
56
19
33
41
60
1
50
10
42
24
25
36
27
19
51
4
31
13
18
46
45
5
59
55
23
55
27
9
1
3
4