15
51
1
181
468
928
2
1
208
630
5
3
444
17
1
850
311
5
3
23
3
1070
1944
43
9589
79
18
1834
7637
11
7
8643
1777
3
311
531
360
263
1062
7
1280
16
31
2607
76
49
11
6
19
66
1558
14
382
208
9
239
21
1455
28
23
411
83
4158
1446
21
24
402
67
159
11
713
8250
4
25
3
249
36
2
78
1
150
32
28
330
8302
6
1188
1
91
44
2020
7
34
359
9
2145
9
10
48
147
46
13
165
20
44
1522
798
1002
115
8536
7
2330
38
389
307
678
1789
33
40
8214
457
499
10
24
22
63
2908
33
10
349
22
1103
102
1
93
99
7
174
7737
490
4
13
3
73
2762
31
6455
7538
1540
1
9
84
9084
15
22
450
9238
113
36
7880
1376
378
34
557
8272
56
239
6354
561
3
9223
767
768
3
16
536
1
293
150
8657
327
29
138
3
9083
3
9124
49
40
1
23
228
13
103
8
41
3630
4
2240
17
1181
3
197
2497
39
225
8
171
9502
4
6
50
4
218
292
2190
37
2144
1031
559
8183
119
31
6
318
13
41
82
449
2157
5490
25
593
171
65
190
10
224
14
7312
138
4
9
164
117
2
2
2089
11
602
43
210
317
15
5034
599
557
1
47
198
1097
8744
2
166
207
4
263
42
12
6066
8043
11
4
1
260
17
5027
1085
23
5
8
26
599
130
35
284
79
12836
28
249
7699
51
215
260
79
6
4137
239
259
1114
1649
367
154
4072
20
3644
7167
286
11663
677
631
101
8
76
5
11
2
124
3508
41
34
8
515
19520
358
45
6313
102
15
39565
14
1141
17155
428
1789
65
8
1
16
17
9293
5
14
6
50544
971
1
6
2561
21
1
105
133
6
4
254
1234
992
15
3
814
1200
807
730
4
38
296
46
68
4
14
3494
221
1893
77
1106
3377
18
132
4
1971
7
13169
5721
1
2441
69
8
9561
634
1972
17
3
602
991
308
4452
1
24
230
445
402
22
21
2795
86
2619
255
14
1035
632
3
6
80
43286
17195
72
8
146
519
1915
7
1
9
3693
54144
1
1103
145
21569
102
265
2430
636
4
21892
259
633
213
1680
4829
558
117
42853
78
540
2108
713
630
28
2
4058
45
3412
3585
84
2098
32
32
7
22
76169
299
43
908
245
75
3604
468
39
8796
2
551
3232
1
14
1
11
15
13
40
2
7
19
11
16
154
32
5
1574
436
110
1
11
69
43
39
55
348
7
320
170
17
5216
1
4945
28
6264
28307
2078
9
1107
124
557
10
23
9094
4
27
32
35
56
31
1
198
1422
131
1158
179
344
18
667
67
1
2
33
322
18
1051
1735
64
1503
3
4167
190
657
47
11
33
16020
1
5
1
375
587
1065
3
14
4269
18
6596
7
2
7961
9035
87
4
78
1162
7110
234
1434
47
284
126
1084
5508
309
276
11
9
3327
3548
7
29
2
38
6
2929
977
64
42
3
7
6
251
405
1
69
33
74
16516
114
39
22922
2
857
17
9
46
4702
20
9292
51861
30
18
226
17
1
112
221
24
57
543
1
3046
280
229
157
11
1938
370
7
28355
66
6
227
79
40
21
8933
42
6670
107
30
18
1
292
1490
5210
285
452
134
8
68
105
307
405
18
15229
381
75
11
8125
77
3
227
1117
1
3
1665
15
5699
3248
556
84
5
31
17
3
70
30
1427
1
264
5
12565
4
136
1393
1
332
828
479
5
6
114
50
301
582
942
1
13
1
56999
1026
692
17
19
59
19874
23476
4
130
3
566
268
50
1564
31
1289
184
292
3
148
102
1
2
3
19
191
1
15
1052
10
1266
58
1771
2
1
29
17391
1
5
78
6328
10420
3
1583
21
1389
121
40
8
2
40
15358
29
17
7
298
201
4
2801
570
8620
111
47
7
111
15
14
20
2
76292
5448
1455
8046
3
1163
2906
9
9
170
2926
5
14
6413
7
10700
36
5
12215
0
0
0
0
0
0
0
0
0
0
0
0
0
0
0
0
0
0
0
0
0
0
0
0
0
0
0
0
0
0
0
0
0
0
0
0
0
0
0
0
0
0
0
0
0
0
0
0
0
0
0
0
0
0
0
0
0
0
0
0
0
0
0
0
0
0
0
0
0
0
0
0
0
0
0
0
0
0
0
0
0
0
0
0
0
0
0
0
0
0
0
0
0
0
0
0
0
0
0
0
0
0
0
0
0
0
0
0
0
0
0
0
0
0
0
0
0
0
0
0
0
0
0
0
0
0
0
0
0
0
0
0
0
0
0
0
0
0
0
0
0
0
0
0
0
0
0
0
0
0
0
0
0
0
0
0
0
0
0
0
0
0
0
0
0
0
0
0
0
0
0
0
0
0
0
0
0
0
0
0
0
0
0
0
0
0
0
0
0
0
0
0
0
0
0
0
0
0
0
0
0
0
0
0
0
0
0