2986057444
2749697176
157437434
375938227
415153362
460842365
4664999113
293183998
1004748558
4130688135
4064572889
941726670
3922723959
286261482
286532398
382174209
935921503
277619936
186256987
3468910169
3382567216
3103348295
608698584
1601213750
543971994
371016984
1940891634
1195075760
3218134257
392147910
3169927840
398500152
1230347280
605870270
290046432
445057027
1249962104
166463560
2292329033
3041579651
493283089
2913340210
3026555397
1537254949
2238224492
242045593
533609877
1246758536
940276040
97012079
609103087
509181024
