244
575
421
539
784
317
448
236
561
833
752
763
155
195
555
404
242
425
366
321
1194
259
427
297
400
592
424
555
97
387
622
337
496
705
819
229
1521
324
208
619
227
3187
351
181
104
295
233
348
87
1512
190
363
62
315
449
186
380
297
359
274
245
425
562
275
240
510
409
245
1626
58
89
278
30
580
197
321
276
68
168
182
124
233
552
131
615
1346
436
770
322
93
94
106
568
170
143
128
220
312
844
255
420
624
204
576
524
168
873
231
68
443
65
241
86
144
54
172
60
250
43
183
909
94
38
528
40
80
108
231
458
41
42
235
327
15
187
207
165
7
77
308
415
111
328
123
104
538
147
353
59
41
96
85
25
39
