3475.33427681
2624.75422003
2390.41190736
2298.17003798
2241.97673919
2200.88531909
2170.81296099
2150.89915513
2135.64294535
2124.11652695
2114.86598511
2107.4174909
2100.03840026
2093.01612684
2085.00888891
2077.81501388
2070.13364429
2062.6213167
2054.8127319
2045.96381829
2037.24895876
2027.77802612
2019.28287154
2009.92734326
1998.21397823
1991.45407842
1983.87359496
1971.19028532
1964.53198597
1957.12007747
1952.70363521
1947.16800199
1942.40167277
1936.99695843
1929.84257223
1925.64300192
1922.36126628
1919.31291375
1917.36484386
1912.18775693
1907.21648528
1904.4079198
1904.83728332
